700.000	0.011102
699.750	0.012773
699.500	0.009507
699.250	0.009055
699.000	0.013058
698.750	0.011323
698.500	0.016142
698.250	0.013825
698.000	0.014092
697.750	0.014916
697.500	0.013270
697.250	0.012718
697.000	0.011747
696.750	0.017019
696.500	0.014558
696.250	0.015086
696.000	0.015167
695.750	0.015634
695.500	0.016071
695.250	0.016243
695.000	0.016063
694.750	0.019114
694.500	0.014815
694.250	0.019370
694.000	0.019408
693.750	0.020909
693.500	0.018651
693.250	0.018581
693.000	0.019011
692.750	0.019164
692.500	0.020851
692.250	0.019041
692.000	0.022690
691.750	0.025885
691.500	0.020369
691.250	0.023341
691.000	0.025357
690.750	0.021725
690.500	0.025853
690.250	0.021941
690.000	0.026205
689.750	0.026647
689.500	0.025518
689.250	0.025972
689.000	0.028801
688.750	0.030290
688.500	0.028092
688.250	0.029478
688.000	0.032454
687.750	0.031600
687.500	0.030569
687.250	0.033614
687.000	0.033056
686.750	0.035456
686.500	0.034371
686.250	0.034924
686.000	0.036508
685.750	0.038369
685.500	0.038642
685.250	0.039591
685.000	0.041711
684.750	0.042622
684.500	0.045786
684.250	0.042781
684.000	0.048693
683.750	0.049714
683.500	0.048672
683.250	0.051138
683.000	0.055740
682.750	0.055808
682.500	0.056038
682.250	0.059292
682.000	0.060960
681.750	0.063405
681.500	0.066379
681.250	0.068239
681.000	0.069303
680.750	0.072210
680.500	0.074414
680.250	0.077856
680.000	0.082575
679.750	0.084741
679.500	0.085929
679.250	0.087935
679.000	0.094452
678.750	0.093869
678.500	0.101954
678.250	0.104665
678.000	0.108359
677.750	0.111201
677.500	0.115533
677.250	0.120175
677.000	0.122062
676.750	0.128732
676.500	0.133124
676.250	0.135289
676.000	0.143181
675.750	0.146728
675.500	0.154399
675.250	0.158548
675.000	0.162614
674.750	0.169077
674.500	0.172066
674.250	0.181865
674.000	0.185322
673.750	0.193457
673.500	0.197645
673.250	0.206827
673.000	0.214914
672.750	0.219015
672.500	0.227647
672.250	0.237066
672.000	0.237977
671.750	0.245361
671.500	0.254572
671.250	0.258282
671.000	0.265996
670.750	0.273775
670.500	0.281168
670.250	0.287697
670.000	0.287851
669.750	0.297664
669.500	0.299786
669.250	0.307482
669.000	0.310683
668.750	0.318510
668.500	0.325491
668.250	0.329617
668.000	0.333757
667.750	0.338083
667.500	0.346454
667.250	0.347717
667.000	0.349302
666.750	0.359058
666.500	0.361685
666.250	0.364647
666.000	0.366547
665.750	0.371479
665.500	0.376122
665.250	0.382253
665.000	0.383570
664.750	0.386062
664.500	0.389521
664.250	0.390214
664.000	0.393439
663.750	0.397152
663.500	0.400513
663.250	0.403200
663.000	0.405715
662.750	0.406020
662.500	0.406542
662.250	0.413266
662.000	0.409955
661.750	0.412385
661.500	0.414946
661.250	0.415069
661.000	0.414685
660.750	0.416590
660.500	0.416712
660.250	0.418716
660.000	0.418444
659.750	0.419762
659.500	0.419157
659.250	0.421693
659.000	0.418317
658.750	0.416748
658.500	0.417519
658.250	0.418452
658.000	0.416993
657.750	0.415837
657.500	0.412837
657.250	0.414483
657.000	0.411488
656.750	0.408461
656.500	0.406627
656.250	0.406663
656.000	0.406335
655.750	0.404274
655.500	0.400605
655.250	0.398444
655.000	0.393567
654.750	0.391089
654.500	0.387902
654.250	0.385219
654.000	0.384677
653.750	0.381279
653.500	0.379357
653.250	0.374082
653.000	0.372797
652.750	0.364104
652.500	0.358287
652.250	0.352275
652.000	0.349588
651.750	0.341984
651.500	0.339955
651.250	0.339943
651.000	0.330749
650.750	0.325653
650.500	0.323995
650.250	0.314745
650.000	0.313027
649.750	0.305600
649.500	0.300543
649.250	0.293029
649.000	0.292377
648.750	0.282530
648.500	0.280305
648.250	0.277840
648.000	0.272720
647.750	0.269389
647.500	0.264500
647.250	0.262931
647.000	0.255360
646.750	0.248513
646.500	0.245672
646.250	0.240563
646.000	0.236131
645.750	0.228548
645.500	0.224153
645.250	0.221201
645.000	0.215587
644.750	0.210436
644.500	0.204103
644.250	0.202220
644.000	0.198686
643.750	0.192028
643.500	0.187003
643.250	0.184278
643.000	0.179904
642.750	0.178941
642.500	0.172890
642.250	0.170892
642.000	0.164152
641.750	0.162518
641.500	0.159153
641.250	0.154273
641.000	0.149961
640.750	0.149476
640.500	0.145542
640.250	0.140304
640.000	0.140924
639.750	0.135348
639.500	0.131330
639.250	0.130154
639.000	0.127268
638.750	0.125143
638.500	0.123646
638.250	0.123526
638.000	0.120109
637.750	0.120883
637.500	0.118095
637.250	0.115316
637.000	0.114361
636.750	0.112670
636.500	0.111127
636.250	0.109510
636.000	0.107053
635.750	0.103005
635.500	0.103051
635.250	0.102305
635.000	0.103520
634.750	0.103147
634.500	0.093638
634.250	0.097075
634.000	0.094975
633.750	0.094997
633.500	0.094536
633.250	0.094082
633.000	0.090191
632.750	0.091483
632.500	0.091885
632.250	0.091735
632.000	0.090235
631.750	0.088146
631.500	0.087952
631.250	0.086142
631.000	0.085785
630.750	0.086341
630.500	0.083849
630.250	0.085627
630.000	0.085843
629.750	0.086291
629.500	0.086345
629.250	0.084684
629.000	0.086249
628.750	0.084619
628.500	0.083928
628.250	0.083210
628.000	0.085282
627.750	0.086510
627.500	0.083568
627.250	0.082978
627.000	0.082409
626.750	0.083395
626.500	0.080476
626.250	0.083850
626.000	0.082742
625.750	0.084122
625.500	0.086173
625.250	0.084141
625.000	0.083510
624.750	0.085727
624.500	0.084642
624.250	0.086736
624.000	0.084301
623.750	0.084694
623.500	0.083656
623.250	0.085072
623.000	0.085157
622.750	0.086668
622.500	0.088713
622.250	0.086033
622.000	0.088030
621.750	0.085952
621.500	0.086506
621.250	0.086651
621.000	0.088165
620.750	0.087650
620.500	0.088249
620.250	0.089191
620.000	0.087979
619.750	0.091961
619.500	0.090404
619.250	0.090068
619.000	0.092649
618.750	0.092829
618.500	0.092274
618.250	0.092770
618.000	0.095880
617.750	0.094006
617.500	0.095666
617.250	0.095684
617.000	0.096138
616.750	0.097404
616.500	0.095800
616.250	0.097812
616.000	0.100871
615.750	0.099422
615.500	0.099783
615.250	0.099484
615.000	0.102614
614.750	0.101039
614.500	0.100393
614.250	0.102781
614.000	0.102038
613.750	0.101717
613.500	0.105100
613.250	0.105297
613.000	0.105811
612.750	0.106547
612.500	0.110282
612.250	0.109184
612.000	0.108625
611.750	0.109258
611.500	0.111450
611.250	0.110342
611.000	0.111509
610.750	0.110196
610.500	0.112176
610.250	0.113147
610.000	0.111817
609.750	0.114433
609.500	0.113983
609.250	0.112363
609.000	0.114534
608.750	0.114937
608.500	0.117118
608.250	0.114991
608.000	0.116200
607.750	0.115691
607.500	0.114668
607.250	0.113258
607.000	0.116552
606.750	0.113836
606.500	0.116119
606.250	0.116164
606.000	0.115066
605.750	0.115655
605.500	0.113865
605.250	0.116503
605.000	0.115775
604.750	0.115805
604.500	0.115906
604.250	0.114544
604.000	0.116787
603.750	0.114889
603.500	0.116348
603.250	0.115158
603.000	0.113790
602.750	0.112558
602.500	0.114567
602.250	0.112716
602.000	0.110525
601.750	0.110998
601.500	0.110444
601.250	0.108872
601.000	0.112487
600.750	0.109995
600.500	0.108771
600.250	0.108617
600.000	0.109070
599.750	0.107674
599.500	0.107413
599.250	0.107547
599.000	0.107795
598.750	0.104747
598.500	0.103906
598.250	0.104288
598.000	0.103620
597.750	0.101278
597.500	0.100601
597.250	0.099703
597.000	0.099572
596.750	0.097945
596.500	0.097989
596.250	0.097361
596.000	0.095347
595.750	0.093779
595.500	0.093948
595.250	0.094187
595.000	0.093803
594.750	0.091778
594.500	0.092033
594.250	0.089707
594.000	0.088630
593.750	0.088098
593.500	0.087063
593.250	0.086249
593.000	0.084279
592.750	0.083851
592.500	0.084919
592.250	0.082185
592.000	0.081050
591.750	0.079974
591.500	0.078855
591.250	0.076104
591.000	0.076214
590.750	0.076642
590.500	0.077156
590.250	0.076193
590.000	0.073790
589.750	0.072837
589.500	0.073651
589.250	0.072355
589.000	0.073826
588.750	0.071488
588.500	0.071529
588.250	0.070903
588.000	0.068795
587.750	0.067292
587.500	0.066753
587.250	0.067949
587.000	0.066579
586.750	0.065932
586.500	0.065633
586.250	0.064599
586.000	0.066308
585.750	0.064852
585.500	0.066269
585.250	0.064935
585.000	0.064484
584.750	0.063627
584.500	0.064545
584.250	0.064069
584.000	0.062177
583.750	0.062741
583.500	0.061653
583.250	0.063553
583.000	0.061255
582.750	0.062872
582.500	0.061759
582.250	0.062559
582.000	0.061163
581.750	0.062267
581.500	0.064968
581.250	0.063441
581.000	0.064055
580.750	0.063709
580.500	0.064514
580.250	0.063025
580.000	0.062995
579.750	0.063191
579.500	0.063224
579.250	0.063098
579.000	0.064858
578.750	0.065934
578.500	0.067029
578.250	0.064807
578.000	0.065933
577.750	0.062987
577.500	0.065524
577.250	0.067100
577.000	0.067224
576.750	0.068946
576.500	0.068446
576.250	0.067295
576.000	0.069347
575.750	0.067839
575.500	0.070226
575.250	0.069980
575.000	0.069713
574.750	0.070737
574.500	0.069707
574.250	0.072446
574.000	0.073645
573.750	0.073067
573.500	0.072728
573.250	0.074193
573.000	0.071059
572.750	0.077202
572.500	0.073648
572.250	0.074449
572.000	0.075133
571.750	0.075551
571.500	0.076289
571.250	0.077404
571.000	0.079273
570.750	0.075904
570.500	0.080586
570.250	0.078334
570.000	0.077633
569.750	0.079963
569.500	0.080167
569.250	0.079517
569.000	0.080237
568.750	0.079269
568.500	0.080039
568.250	0.079652
568.000	0.079330
567.750	0.080657
567.500	0.081067
567.250	0.078014
567.000	0.079128
566.750	0.081763
566.500	0.081013
566.250	0.081109
566.000	0.080095
565.750	0.080914
565.500	0.080606
565.250	0.080408
565.000	0.080388
564.750	0.081734
564.500	0.081326
564.250	0.079427
564.000	0.080175
563.750	0.081600
563.500	0.081184
563.250	0.079729
563.000	0.080514
562.750	0.080479
562.500	0.078935
562.250	0.079412
562.000	0.079972
561.750	0.079551
561.500	0.078074
561.250	0.080274
561.000	0.079488
560.750	0.080184
560.500	0.079650
560.250	0.079900
560.000	0.079128
559.750	0.078372
559.500	0.078322
559.250	0.077044
559.000	0.077698
558.750	0.076028
558.500	0.076304
558.250	0.077002
558.000	0.076492
557.750	0.075138
557.500	0.077264
557.250	0.076412
557.000	0.074817
556.750	0.074447
556.500	0.074010
556.250	0.074059
556.000	0.073831
555.750	0.072264
555.500	0.075661
555.250	0.073898
555.000	0.075036
554.750	0.072448
554.500	0.072694
554.250	0.075372
554.000	0.073440
553.750	0.073651
553.500	0.072243
553.250	0.071090
553.000	0.072048
552.750	0.071257
552.500	0.070886
552.250	0.072161
552.000	0.070626
551.750	0.071924
551.500	0.071813
551.250	0.071210
551.000	0.070764
550.750	0.071346
550.500	0.071068
550.250	0.069478
550.000	0.072176
549.750	0.069440
549.500	0.069195
549.250	0.071308
549.000	0.073039
548.750	0.070568
548.500	0.071332
548.250	0.071357
548.000	0.071933
547.750	0.071349
547.500	0.074106
547.250	0.074993
547.000	0.073813
546.750	0.073528
546.500	0.074015
546.250	0.073854
546.000	0.075643
545.750	0.074756
545.500	0.078283
545.250	0.077988
545.000	0.078465
544.750	0.080239
544.500	0.079186
544.250	0.078848
544.000	0.080928
543.750	0.080961
543.500	0.085325
543.250	0.082203
543.000	0.085249
542.750	0.083940
542.500	0.085493
542.250	0.086162
542.000	0.087707
541.750	0.088620
541.500	0.089758
541.250	0.090901
541.000	0.091016
540.750	0.092756
540.500	0.091298
540.250	0.093349
540.000	0.094063
539.750	0.095154
539.500	0.095038
539.250	0.096832
539.000	0.095315
538.750	0.097393
538.500	0.098275
538.250	0.098107
538.000	0.100773
537.750	0.102400
537.500	0.101213
537.250	0.101435
537.000	0.101525
536.750	0.100376
536.500	0.102075
536.250	0.101854
536.000	0.103396
535.750	0.103939
535.500	0.103750
535.250	0.104672
535.000	0.104207
534.750	0.104608
534.500	0.102944
534.250	0.104355
534.000	0.103977
533.750	0.102259
533.500	0.101458
533.250	0.100182
533.000	0.098934
532.750	0.101810
532.500	0.099880
532.250	0.098536
532.000	0.098171
531.750	0.099550
531.500	0.099039
531.250	0.099174
531.000	0.096275
530.750	0.097159
530.500	0.095771
530.250	0.095899
530.000	0.095648
529.750	0.095261
529.500	0.094347
529.250	0.094820
529.000	0.091573
528.750	0.093076
528.500	0.091493
528.250	0.089789
528.000	0.088203
527.750	0.089263
527.500	0.087254
527.250	0.088066
527.000	0.086397
526.750	0.085859
526.500	0.087349
526.250	0.085754
526.000	0.083181
525.750	0.085269
525.500	0.084500
525.250	0.082592
525.000	0.081552
524.750	0.084096
524.500	0.081083
524.250	0.080593
524.000	0.079918
523.750	0.081262
523.500	0.079962
523.250	0.078757
523.000	0.079433
522.750	0.077814
522.500	0.078959
522.250	0.075683
522.000	0.078109
521.750	0.075919
521.500	0.074846
521.250	0.076310
521.000	0.074308
520.750	0.077008
520.500	0.074580
520.250	0.076566
520.000	0.074511
519.750	0.075034
519.500	0.073121
519.250	0.072089
519.000	0.071148
518.750	0.073690
518.500	0.073188
518.250	0.074507
518.000	0.073446
517.750	0.072599
517.500	0.073773
517.250	0.074461
517.000	0.073311
516.750	0.070767
516.500	0.072560
516.250	0.072856
516.000	0.074705
515.750	0.072487
515.500	0.071976
515.250	0.072196
515.000	0.074386
514.750	0.074101
514.500	0.073014
514.250	0.071667
514.000	0.073084
513.750	0.075118
513.500	0.072783
513.250	0.074726
513.000	0.073308
512.750	0.075120
512.500	0.074440
512.250	0.075310
512.000	0.074403
511.750	0.074820
511.500	0.074884
511.250	0.075471
511.000	0.077701
510.750	0.077846
510.500	0.078806
510.250	0.078318
510.000	0.078184
509.750	0.078763
509.500	0.078140
509.250	0.078457
509.000	0.079177
508.750	0.080732
508.500	0.079587
508.250	0.083392
508.000	0.080774
507.750	0.081308
507.500	0.079090
507.250	0.081005
507.000	0.081133
506.750	0.080000
506.500	0.080590
506.250	0.080914
506.000	0.079616
505.750	0.079450
505.500	0.077499
505.250	0.080724
505.000	0.080544
504.750	0.079074
504.500	0.080184
504.250	0.081054
504.000	0.079956
503.750	0.077701
503.500	0.076329
503.250	0.076936
503.000	0.077606
502.750	0.076561
502.500	0.075580
502.250	0.076544
502.000	0.076516
501.750	0.075059
501.500	0.074987
501.250	0.072814
501.000	0.074731
500.750	0.074449
500.500	0.074673
500.250	0.073865
500.000	0.074007
499.750	0.072493
499.500	0.072966
499.250	0.071169
499.000	0.070967
498.750	0.071026
498.500	0.069162
498.250	0.070202
498.000	0.069307
497.750	0.068671
497.500	0.067601
497.250	0.068580
497.000	0.066607
496.750	0.066195
496.500	0.065893
496.250	0.066829
496.000	0.065711
495.750	0.066386
495.500	0.062662
495.250	0.063198
495.000	0.062376
494.750	0.062209
494.500	0.059975
494.250	0.059189
494.000	0.059637
493.750	0.059275
493.500	0.058718
493.250	0.059064
493.000	0.057349
492.750	0.058123
492.500	0.056076
492.250	0.056036
492.000	0.055239
491.750	0.054449
491.500	0.054888
491.250	0.054852
491.000	0.055284
490.750	0.051544
490.500	0.051826
490.250	0.051735
490.000	0.053048
489.750	0.051438
489.500	0.052418
489.250	0.051890
489.000	0.050601
488.750	0.050464
488.500	0.049260
488.250	0.049631
488.000	0.046867
487.750	0.048602
487.500	0.046585
487.250	0.047845
487.000	0.046947
486.750	0.045901
486.500	0.046290
486.250	0.048265
486.000	0.047879
485.750	0.046214
485.500	0.045534
485.250	0.045488
485.000	0.044995
484.750	0.045988
484.500	0.044559
484.250	0.044252
484.000	0.042991
483.750	0.044490
483.500	0.043904
483.250	0.043738
483.000	0.044113
482.750	0.042179
482.500	0.043610
482.250	0.042652
482.000	0.043035
481.750	0.043605
481.500	0.043451
481.250	0.044392
481.000	0.045651
480.750	0.044269
480.500	0.041304
480.250	0.043411
480.000	0.044020
479.750	0.042329
479.500	0.044900
479.250	0.043181
479.000	0.044819
478.750	0.043954
478.500	0.044501
478.250	0.041563
478.000	0.040761
477.750	0.041953
477.500	0.041461
477.250	0.043113
477.000	0.043699
476.750	0.042543
476.500	0.042501
476.250	0.041436
476.000	0.042995
475.750	0.042592
475.500	0.041897
475.250	0.042253
475.000	0.041216
474.750	0.042653
474.500	0.041666
474.250	0.042709
474.000	0.041387
473.750	0.042602
473.500	0.043449
473.250	0.042784
473.000	0.043017
472.750	0.041756
472.500	0.042973
472.250	0.041447
472.000	0.040834
471.750	0.042886
471.500	0.042989
471.250	0.042857
471.000	0.042802
470.750	0.043072
470.500	0.042385
470.250	0.041353
470.000	0.040729
469.750	0.041077
469.500	0.041502
469.250	0.042095
469.000	0.039467
468.750	0.042589
468.500	0.042532
468.250	0.042593
468.000	0.041659
467.750	0.041425
467.500	0.040830
467.250	0.040486
467.000	0.041811
466.750	0.042452
466.500	0.041663
466.250	0.041075
466.000	0.041199
465.750	0.040986
465.500	0.040742
465.250	0.041067
465.000	0.041380
464.750	0.041415
464.500	0.041095
464.250	0.040375
464.000	0.042156
463.750	0.040776
463.500	0.042159
463.250	0.040841
463.000	0.041312
462.750	0.040603
462.500	0.040340
462.250	0.041143
462.000	0.039424
461.750	0.042819
461.500	0.041531
461.250	0.041026
461.000	0.039459
460.750	0.043184
460.500	0.042117
460.250	0.043045
460.000	0.041918
459.750	0.042611
459.500	0.041586
459.250	0.040479
459.000	0.041868
458.750	0.043495
458.500	0.043149
458.250	0.042746
458.000	0.044645
457.750	0.043729
457.500	0.047165
457.250	0.044397
457.000	0.044713
456.750	0.045691
456.500	0.046691
456.250	0.047176
456.000	0.046689
455.750	0.049200
455.500	0.047539
455.250	0.050277
455.000	0.049636
454.750	0.049462
454.500	0.050271
454.250	0.049024
454.000	0.052627
453.750	0.054270
453.500	0.052966
453.250	0.054229
453.000	0.055535
452.750	0.054570
452.500	0.056431
452.250	0.057737
452.000	0.058866
451.750	0.058744
451.500	0.060426
451.250	0.060616
451.000	0.062843
450.750	0.064658
450.500	0.064044
450.250	0.065597
450.000	0.066764
449.750	0.065925
449.500	0.071529
449.250	0.068758
449.000	0.070132
448.750	0.072380
448.500	0.075415
448.250	0.073840
448.000	0.076863
447.750	0.079933
447.500	0.079682
447.250	0.082235
447.000	0.084268
446.750	0.086876
446.500	0.086157
446.250	0.086473
446.000	0.090574
445.750	0.091252
445.500	0.096405
445.250	0.094679
445.000	0.101410
444.750	0.099879
444.500	0.101489
444.250	0.103875
444.000	0.108671
443.750	0.108818
443.500	0.109075
443.250	0.115128
443.000	0.115551
442.750	0.122467
442.500	0.124839
442.250	0.123520
442.000	0.127531
441.750	0.129455
441.500	0.133127
441.250	0.136058
441.000	0.141473
440.750	0.145932
440.500	0.146397
440.250	0.151923
440.000	0.154752
439.750	0.157134
439.500	0.163192
439.250	0.168223
439.000	0.175950
438.750	0.177659
438.500	0.183421
438.250	0.188556
438.000	0.193944
437.750	0.197521
437.500	0.205472
437.250	0.214333
437.000	0.220222
436.750	0.228488
436.500	0.235224
436.250	0.245794
436.000	0.253279
435.750	0.262490
435.500	0.274387
435.250	0.281594
435.000	0.294362
434.750	0.307654
434.500	0.318428
434.250	0.331725
434.000	0.344014
433.750	0.358213
433.500	0.372654
433.250	0.385782
433.000	0.399227
432.750	0.417863
432.500	0.431255
432.250	0.444204
432.000	0.457835
431.750	0.479194
431.500	0.494037
431.250	0.514576
431.000	0.529125
430.750	0.547862
430.500	0.564632
430.250	0.586565
430.000	0.605456
429.750	0.629038
429.500	0.649883
429.250	0.667144
429.000	0.687552
428.750	0.714125
428.500	0.733708
428.250	0.755026
428.000	0.779146
427.750	0.801865
427.500	0.824279
427.250	0.848503
427.000	0.873578
426.750	0.892989
426.500	0.911270
426.250	0.938729
426.000	0.961532
425.750	0.982128
425.500	1.010326
425.250	1.030616
425.000	1.051551
424.750	1.068030
424.500	1.093459
424.250	1.116436
424.000	1.136495
423.750	1.151660
423.500	1.172763
423.250	1.191369
423.000	1.210527
422.750	1.227507
422.500	1.248505
422.250	1.260407
422.000	1.279980
421.750	1.297066
421.500	1.308416
421.250	1.321636
421.000	1.338078
420.750	1.355169
420.500	1.360850
420.250	1.371746
420.000	1.374953
419.750	1.390728
419.500	1.396421
419.250	1.407561
419.000	1.416368
418.750	1.414014
418.500	1.422520
418.250	1.422329
418.000	1.422354
417.750	1.434644
417.500	1.430591
417.250	1.432708
417.000	1.421373
416.750	1.424429
416.500	1.416689
416.250	1.413341
416.000	1.413426
415.750	1.411218
415.500	1.407476
415.250	1.393344
415.000	1.391405
414.750	1.381882
414.500	1.376420
414.250	1.366967
414.000	1.350670
413.750	1.347816
413.500	1.343173
413.250	1.326268
413.000	1.318008
412.750	1.309519
412.500	1.295460
412.250	1.289708
412.000	1.279850
411.750	1.276736
411.500	1.259332
411.250	1.245128
411.000	1.237993
410.750	1.223487
410.500	1.213726
410.250	1.199070
410.000	1.191065
409.750	1.181276
409.500	1.172530
409.250	1.153793
409.000	1.151870
408.750	1.142764
408.500	1.130807
408.250	1.123879
408.000	1.114384
407.750	1.105854
407.500	1.094944
407.250	1.086218
407.000	1.081018
406.750	1.073428
406.500	1.066776
406.250	1.058985
406.000	1.055471
405.750	1.049306
405.500	1.043448
405.250	1.050865
405.000	1.040854
404.750	1.029464
404.500	1.024583
404.250	1.022514
404.000	1.018432
403.750	1.017809
403.500	1.015675
403.250	1.011633
403.000	1.007754
402.750	1.000842
402.500	0.993619
402.250	0.999313
402.000	0.995009
401.750	0.989586
401.500	0.986495
401.250	0.986617
401.000	0.979585
400.750	0.981948
400.500	0.982108
400.250	0.981142
400.000	0.969480
399.750	0.970268
399.500	0.963661
399.250	0.962188
399.000	0.963990
398.750	0.960517
398.500	0.957679
398.250	0.952415
398.000	0.951224
397.750	0.947127
397.500	0.943169
397.250	0.936181
397.000	0.932488
396.750	0.929048
396.500	0.923244
396.250	0.918052
396.000	0.914032
395.750	0.910927
395.500	0.908987
395.250	0.901331
395.000	0.894698
394.750	0.892367
394.500	0.884490
394.250	0.877766
394.000	0.873886
393.750	0.865306
393.500	0.856570
393.250	0.847011
393.000	0.839304
392.750	0.831255
392.500	0.827630
392.250	0.815081
392.000	0.811783
391.750	0.802845
391.500	0.795994
391.250	0.791864
391.000	0.779470
390.750	0.780521
390.500	0.765436
390.250	0.758910
390.000	0.752014
389.750	0.743258
389.500	0.736036
389.250	0.732356
389.000	0.724526
388.750	0.719942
388.500	0.709673
388.250	0.704465
388.000	0.702580
387.750	0.694521
387.500	0.686721
387.250	0.676887
387.000	0.670525
386.750	0.664345
386.500	0.663729
386.250	0.660840
386.000	0.649915
385.750	0.641044
385.500	0.642131
385.250	0.636810
385.000	0.632472
384.750	0.627670
384.500	0.620906
384.250	0.619780
384.000	0.617973
383.750	0.613612
383.500	0.605957
383.250	0.603716
383.000	0.599662
382.750	0.600225
382.500	0.598675
382.250	0.589050
382.000	0.587522
381.750	0.587931
381.500	0.579064
381.250	0.579852
381.000	0.576212
380.750	0.574434
380.500	0.569314
380.250	0.568541
380.000	0.568492
379.750	0.561826
379.500	0.565037
379.250	0.557784
379.000	0.559086
378.750	0.553926
378.500	0.551756
378.250	0.550526
378.000	0.540450
377.750	0.545503
377.500	0.541432
377.250	0.539178
377.000	0.535642
376.750	0.535830
376.500	0.535414
376.250	0.529838
376.000	0.529148
375.750	0.527179
375.500	0.522815
375.250	0.522558
375.000	0.519923
374.750	0.519511
374.500	0.519256
374.250	0.513310
374.000	0.510875
373.750	0.506200
373.500	0.503849
373.250	0.508343
373.000	0.499901
372.750	0.501612
372.500	0.495275
372.250	0.492159
372.000	0.496059
371.750	0.497950
371.500	0.488886
371.250	0.491654
371.000	0.483500
370.750	0.481534
370.500	0.482660
370.250	0.476762
370.000	0.475372
369.750	0.468629
369.500	0.467353
369.250	0.465912
369.000	0.468043
368.750	0.460166
368.500	0.460532
368.250	0.458279
368.000	0.456130
367.750	0.452843
367.500	0.448109
367.250	0.450168
367.000	0.444199
366.750	0.446414
366.500	0.442628
366.250	0.438350
366.000	0.435701
365.750	0.433284
365.500	0.433018
365.250	0.428540
365.000	0.429116
364.750	0.424260
364.500	0.421027
364.250	0.415941
364.000	0.412079
363.750	0.414157
363.500	0.412089
363.250	0.408727
363.000	0.401371
362.750	0.403305
362.500	0.400149
362.250	0.398641
362.000	0.393439
361.750	0.393218
361.500	0.385753
361.250	0.389653
361.000	0.380301
360.750	0.383722
360.500	0.383309
360.250	0.372064
360.000	0.373386
359.750	0.371658
359.500	0.370873
359.250	0.367417
359.000	0.363302
358.750	0.363590
358.500	0.355118
358.250	0.360074
358.000	0.356809
357.750	0.349997
357.500	0.345194
357.250	0.352307
357.000	0.347066
356.750	0.346322
356.500	0.339931
356.250	0.337553
356.000	0.334161
355.750	0.334263
355.500	0.334281
355.250	0.331164
355.000	0.329642
354.750	0.328610
354.500	0.328844
354.250	0.319968
354.000	0.324643
353.750	0.316630
353.500	0.320728
353.250	0.322169
353.000	0.306843
352.750	0.314062
352.500	0.315124
352.250	0.312081
352.000	0.309657
351.750	0.305153
351.500	0.301705
351.250	0.299094
351.000	0.303327
350.750	0.303384
350.500	0.302354
350.250	0.295532
350.000	0.294161
349.750	0.291192
349.500	0.288129
349.250	0.300101
349.000	0.292089
348.750	0.284096
348.500	0.288205
348.250	0.289308
348.000	0.279359
347.750	0.284549
347.500	0.278217
347.250	0.280722
347.000	0.278606
346.750	0.284733
346.500	0.276129
346.250	0.271961
346.000	0.271310
345.750	0.265380
345.500	0.276935
345.250	0.268905
345.000	0.266981
344.750	0.271122
344.500	0.266045
344.250	0.263679
344.000	0.258925
343.750	0.263213
343.500	0.258849
343.250	0.259619
343.000	0.261966
342.750	0.263657
342.500	0.263280
342.250	0.254585
342.000	0.260444
341.750	0.258367
341.500	0.260505
341.250	0.266701
341.000	0.254702
340.750	0.265364
340.500	0.261663
340.250	0.254559
340.000	0.253727
339.750	0.259713
339.500	0.248330
339.250	0.256512
339.000	0.251427
338.750	0.257339
338.500	0.248058
338.250	0.254544
338.000	0.254885
337.750	0.252045
337.500	0.253488
337.250	0.251137
337.000	0.256649
336.750	0.249746
336.500	0.248748
336.250	0.249667
336.000	0.253780
335.750	0.242233
335.500	0.256858
335.250	0.253062
335.000	0.253069
334.750	0.248408
334.500	0.255404
334.250	0.254074
334.000	0.256080
333.750	0.242096
333.500	0.260244
333.250	0.257443
333.000	0.254624
332.750	0.257329
332.500	0.255960
332.250	0.257275
332.000	0.249483
331.750	0.256064
331.500	0.254935
331.250	0.258800
331.000	0.252750
330.750	0.257197
330.500	0.258086
330.250	0.260223
330.000	0.255827
329.750	0.259029
329.500	0.254218
329.250	0.261507
329.000	0.252077
328.750	0.255867
328.500	0.257686
328.250	0.264916
328.000	0.262818
327.750	0.260851
327.500	0.256134
327.250	0.261952
327.000	0.262659
326.750	0.259939
326.500	0.261319
326.250	0.264313
326.000	0.271873
325.750	0.270516
325.500	0.262363
325.250	0.264497
325.000	0.261870
324.750	0.269844
324.500	0.267211
324.250	0.270205
324.000	0.266274
323.750	0.271663
323.500	0.265779
323.250	0.261260
323.000	0.269627
322.750	0.269758
322.500	0.262273
322.250	0.265842
322.000	0.263762
321.750	0.266273
321.500	0.269999
321.250	0.265081
321.000	0.264434
320.750	0.272545
320.500	0.274533
320.250	0.275981
320.000	0.265662
319.750	0.275156
319.500	0.267546
319.250	0.266369
319.000	0.271299
318.750	0.275794
318.500	0.267725
318.250	0.275423
318.000	0.274949
317.750	0.270980
317.500	0.269867
317.250	0.272632
317.000	0.265202
316.750	0.269243
316.500	0.273370
316.250	0.270601
316.000	0.273436
315.750	0.261030
315.500	0.272929
315.250	0.262343
315.000	0.266368
314.750	0.266176
314.500	0.263615
314.250	0.266187
314.000	0.262314
313.750	0.262561
313.500	0.260643
313.250	0.256200
313.000	0.260147
312.750	0.256055
312.500	0.254370
312.250	0.260924
312.000	0.259376
311.750	0.259850
311.500	0.249471
311.250	0.257410
311.000	0.257551
310.750	0.254386
310.500	0.254862
310.250	0.255784
310.000	0.249368
309.750	0.249060
309.500	0.251402
309.250	0.249846
309.000	0.245556
308.750	0.252015
308.500	0.240353
308.250	0.248287
308.000	0.246780
307.750	0.248644
307.500	0.242380
307.250	0.248466
307.000	0.246321
306.750	0.241985
306.500	0.240800
306.250	0.235900
306.000	0.243965
305.750	0.237836
305.500	0.235257
305.250	0.236071
305.000	0.229491
304.750	0.234151
304.500	0.235132
304.250	0.229209
304.000	0.231272
303.750	0.233641
303.500	0.227107
303.250	0.231503
303.000	0.233745
302.750	0.228339
302.500	0.233159
302.250	0.231745
302.000	0.229780
301.750	0.228879
301.500	0.226076
301.250	0.227907
301.000	0.227544
300.750	0.219141
300.500	0.223537
300.250	0.219541
300.000	0.225472
299.750	0.220842
299.500	0.225857
299.250	0.224373
299.000	0.222472
298.750	0.217472
298.500	0.220529
298.250	0.220053
298.000	0.221675
297.750	0.218731
297.500	0.226187
297.250	0.222255
297.000	0.219103
296.750	0.218866
296.500	0.220686
296.250	0.218892
296.000	0.211930
295.750	0.217823
295.500	0.219660
295.250	0.217803
295.000	0.224319
294.750	0.221852
294.500	0.222341
294.250	0.220535
294.000	0.225319
293.750	0.229708
293.500	0.227614
293.250	0.225724
293.000	0.227432
292.750	0.225575
292.500	0.227418
292.250	0.230463
292.000	0.230948
291.750	0.230801
291.500	0.231427
291.250	0.232737
291.000	0.231488
290.750	0.229790
290.500	0.236661
290.250	0.233030
290.000	0.236363
289.750	0.240262
289.500	0.239030
289.250	0.237976
289.000	0.238829
288.750	0.234679
288.500	0.244881
288.250	0.242575
288.000	0.238613
287.750	0.235858
287.500	0.238943
287.250	0.244481
287.000	0.238870
286.750	0.244879
286.500	0.248368
286.250	0.246378
286.000	0.243237
285.750	0.242826
285.500	0.250242
285.250	0.241243
285.000	0.250641
284.750	0.247761
284.500	0.248133
284.250	0.248390
284.000	0.251719
283.750	0.251240
283.500	0.256957
283.250	0.251188
283.000	0.263056
282.750	0.248019
282.500	0.254361
282.250	0.252695
282.000	0.251693
281.750	0.253597
281.500	0.251609
281.250	0.252205
281.000	0.262020
280.750	0.264209
280.500	0.257644
280.250	0.255415
280.000	0.253545
279.750	0.258639
279.500	0.260479
279.250	0.258431
279.000	0.254201
278.750	0.255473
278.500	0.265930
278.250	0.256854
278.000	0.264375
277.750	0.261370
277.500	0.260318
277.250	0.260490
277.000	0.261901
276.750	0.263940
276.500	0.266472
276.250	0.258869
276.000	0.258684
275.750	0.259590
275.500	0.262584
275.250	0.265121
275.000	0.263147
274.750	0.258144
274.500	0.260808
274.250	0.256714
274.000	0.262469
273.750	0.258536
273.500	0.256582
273.250	0.258442
273.000	0.252878
272.750	0.256288
272.500	0.257032
272.250	0.251373
272.000	0.248080
271.750	0.255450
271.500	0.248757
271.250	0.252687
271.000	0.253996
270.750	0.251502
270.500	0.246791
270.250	0.247001
270.000	0.247281
269.750	0.252776
269.500	0.246229
269.250	0.249669
269.000	0.245773
268.750	0.244137
268.500	0.245904
268.250	0.243960
268.000	0.242616
267.750	0.239675
267.500	0.245559
267.250	0.235754
267.000	0.235374
266.750	0.240285
266.500	0.243968
266.250	0.243122
266.000	0.239636
265.750	0.241620
265.500	0.236757
265.250	0.241770
265.000	0.237882
264.750	0.235714
264.500	0.235919
264.250	0.237162
264.000	0.233339
263.750	0.234862
263.500	0.237050
263.250	0.229371
263.000	0.239073
262.750	0.242350
262.500	0.238706
262.250	0.240234
262.000	0.235247
261.750	0.240113
261.500	0.230419
261.250	0.237765
261.000	0.233881
260.750	0.230102
260.500	0.233853
260.250	0.231894
260.000	0.229944
259.750	0.233318
259.500	0.232070
259.250	0.235226
259.000	0.235857
258.750	0.237151
258.500	0.237187
258.250	0.238902
258.000	0.240203
257.750	0.243516
257.500	0.241551
257.250	0.240351
257.000	0.247165
256.750	0.242183
256.500	0.250052
256.250	0.248924
256.000	0.251260
255.750	0.252538
255.500	0.256214
255.250	0.252870
255.000	0.263069
254.750	0.257740
254.500	0.255381
254.250	0.266216
254.000	0.270564
253.750	0.270362
253.500	0.274496
253.250	0.280954
253.000	0.274477
252.750	0.278893
252.500	0.283115
252.250	0.289375
252.000	0.291213
251.750	0.289297
251.500	0.289812
251.250	0.291422
251.000	0.298432
250.750	0.298141
250.500	0.303961
250.250	0.304531
250.000	0.306751
249.750	0.313940
249.500	0.311109
249.250	0.314774
249.000	0.316030
248.750	0.316687
248.500	0.320240
248.250	0.325776
248.000	0.317128
247.750	0.321249
247.500	0.326997
247.250	0.324059
247.000	0.331448
246.750	0.329588
246.500	0.334098
246.250	0.337072
246.000	0.342422
245.750	0.349803
245.500	0.349862
245.250	0.352363
245.000	0.357957
244.750	0.360848
244.500	0.365325
244.250	0.365528
244.000	0.371296
243.750	0.370704
243.500	0.381458
243.250	0.384419
243.000	0.387860
242.750	0.384362
242.500	0.390462
242.250	0.398632
242.000	0.413281
241.750	0.403560
241.500	0.414738
241.250	0.409499
241.000	0.414259
240.750	0.417058
240.500	0.425701
240.250	0.428063
240.000	0.432732
239.750	0.430253
239.500	0.443009
239.250	0.435594
239.000	0.446354
238.750	0.446096
238.500	0.457551
238.250	0.460489
238.000	0.455987
237.750	0.471322
237.500	0.474682
237.250	0.469420
237.000	0.479875
236.750	0.478604
236.500	0.491938
236.250	0.496828
236.000	0.499920
235.750	0.508357
235.500	0.510450
235.250	0.524661
235.000	0.526887
234.750	0.519054
234.500	0.522130
234.250	0.534003
234.000	0.550577
233.750	0.555824
233.500	0.556857
233.250	0.567973
233.000	0.569850
232.750	0.575586
232.500	0.582779
232.250	0.583720
232.000	0.595404
231.750	0.593654
231.500	0.601132
231.250	0.619766
231.000	0.616670
230.750	0.620047
230.500	0.610865
230.250	0.628053
230.000	0.633249
229.750	0.635115
229.500	0.630660
229.250	0.638271
229.000	0.640110
228.750	0.637561
228.500	0.653936
228.250	0.653944
228.000	0.653543
227.750	0.655799
227.500	0.653851
227.250	0.666567
227.000	0.669587
226.750	0.673405
226.500	0.688820
226.250	0.675661
226.000	0.685655
225.750	0.687755
225.500	0.683597
225.250	0.687507
225.000	0.698405
224.750	0.693225
224.500	0.709144
224.250	0.705414
224.000	0.710297
223.750	0.715860
223.500	0.726367
223.250	0.707757
223.000	0.734183
222.750	0.729730
222.500	0.734264
222.250	0.735236
222.000	0.737823
221.750	0.732109
221.500	0.750737
221.250	0.740679
221.000	0.749943
220.750	0.752347
220.500	0.751302
220.250	0.755899
220.000	0.755579
219.750	0.766642
